%% UDP vs TCP 

udp_times = [309, 229, 229, 242, 258, 228, 250, 267, 281, 245, 245, 260, 273, 238, 246, 235, 244, 221, 203, 213, 227, 225, 223, 253, 238, 205, 192, 179, 194, 220, 196, 211, 194, 230, 214, 194, 174, 186, 184, 174, 167, 172, 173, 193, 202, 183, 175, 178, 173, 171, 161, 155, 239, 178, 183, 178, 165, 153, 153, 151, 169, 163, 175, 162, 154, 152, 172, 163, 154, 152, 153, 152, 171, 184, 172, 153, 196, 193, 183, 163, 155, 152, 154, 151, 168, 154, 153, 151, 153, 150, 174, 159, 153, 150, 152, 151, 155, 157, 153, 159, 153, 194, 189, 166, 164, 166, 154, 152, 174, 153, 162, 152, 153, 150, 174, 170, 163, 155, 157, 155, 158, 153, 157, 153, 153, 246, 187, 172, 156, 153, 153, 173, 180, 164, 155, 154, 153, 171, 181, 170, 154, 194, 215, 212, 174, 155, 203, 168, 200, 160, 153, 152, 151, 151, 170, 158, 152, 151, 153, 151, 171, 178, 156, 153, 153, 151, 159, 152, 154, 151, 154, 151, 254, 187, 177, 156, 157, 210, 259, 183, 156, 152, 170, 178, 170, 154, 154, 208, 180, 206, 172, 166, 166, 265, 347, 250, 211, 219, 177, 165, 154, 152, 171, 189, 169, 154, 152, 152, 173, 170, 163, 160, 154, 152, 172, 189, 256, 165, 162, 207, 209, 187, 159, 190, 353, 276, 186, 217, 205, 169, 159, 226, 334, 254, 245, 219, 182, 198, 207, 166, 177, 160, 175, 159, 153, 152, 153, 167, 211, 214, 204, 195, 166, 170, 162, 284, 183, 204, 180, 172, 155, 160, 159, 196, 180, 173, 156, 175, 157, 171, 164, 154, 158, 157, 152, 212, 175, 191, 212, 162, 172, 171, 163, 154, 152, 153, 170, 174, 164, 154, 152, 153, 168, 186, 170, 154, 167, 205, 190, 181, 158, 263, 204, 182, 170, 158, 167, 160, 170, 180, 160, 154, 159, 176, 195, 170, 153, 153, 151, 152, 170, 167, 158, 152, 185, 190, 186, 163, 153, 151, 150, 170, 211, 225, 166, 156, 151, 225, 205, 167, 154, 152, 169, 245, 219, 215, 314, 223, 175, 204, 208, 227, 210, 168, 197, 221, 241, 213, 213, 211, 213, 202, 203, 203, 254, 213, 203, 203, 160, 172, 194, 186, 166, 153, 151, 168, 169, 162, 152, 153, 151, 168, 223, 173, 228, 227, 259, 171, 153, 155, 151, 225, 218, 161, 189, 164, 175, 179, 167, 175, 155, 160, 209, 198, 181, 232, 181, 228, 216, 217, 194, 202, 205, 190, 170, 175, 234, 211, 165, 153, 151, 150, 166, 199, 161, 153, 152, 152, 170, 254, 183, 170, 153, 171, 177, 163, 153, 153, 152, 170, 175, 163, 152, 152, 150, 169, 171, 163, 181, 198, 188, 183, 201, 183, 170, 153, 172, 167, 158, 151, 151, 152, 165, 158, 151, 149, 152, 174, 197, 195, 171, 167, 165, 179, 205, 288, 199, 183, 196, 186, 179, 163, 153, 169, 171, 162, 155, 180, 159, 169, 200, 163, 152, 151, 150, 206, 190, 170, 199, 176, 171, 178, 163, 152, 151, 151, 170, 170, 162, 152, 150, 150, 168, 177, 163, 153, 150, 150, 168, 184, 169, 153, 213, 187, 169, 162, 152, 154, 184, 180, 164, 153, 151, 150, 149, 151, 186, 169, 153, 151, 173, 199, 188, 171, 154, 199, 210, 189, 172, 157, 154, 174, 193, 170, 162, 151, 191, 170, 250, 171, 152, 151, 152, 170, 253, 217, 225, 309, 249, 215, 212, 228, 221, 175, 207, 168, 220, 199, 213, 223, 272, 258, 211, 204, 208, 240, 238, 245, 217, 260, 215, 212, 211, 247, 220, 175, 200, 166, 234, 194, 177, 176, 231, 241, 183, 172, 167, 190, 173, 164, 166, 187, 182, 154, 207, 177, 157, 155, 154, 173, 174, 165, 153, 152, 150, 234, 186, 227, 200, 185, 258, 229, 179, 154, 152, 257, 204, 190, 163, 154, 193, 174, 172, 171, 174, 177, 268, 183, 170, 153, 169, 170, 164, 152, 151, 154, 168, 182, 163, 154, 150, 151, 169, 171, 162, 153, 151, 151, 168, 185, 216, 171, 155, 154, 187, 179, 214, 169, 156, 174, 172, 157, 156, 153, 150, 169, 170, 162, 153, 152, 151, 179, 184, 272, 177, 162, 197, 163, 153, 158, 150, 150, 169, 169, 161, 152, 151, 153, 168, 172, 161, 153, 150, 151, 223, 200, 253, 183, 169, 173, 165, 158, 151, 151, 150, 170, 191, 169, 156, 189, 187, 169, 161, 152, 150, 151, 171, 184, 169, 153, 203, 223, 304, 223, 176, 165, 218, 384, 221, 210, 281, 212, 338, 262, 198, 206, 268, 211, 179, 166, 162, 156, 152, 171, 179, 192, 161, 192, 156, 189, 162, 155, 157, 151, 151, 198, 169, 153, 151, 270, 191, 170, 152, 150, 151, 151, 163, 158, 151, 217, 161, 151, 273, 216, 217, 221, 241, 188, 160, 194, 220, 192, 203, 172, 157, 157, 175, 172, 163, 154, 151, 151, 168, 208, 162, 157, 151, 154, 165, 225, 168, 191, 162, 214, 189, 154, 151, 197, 191, 171, 162, 152, 150, 151, 169, 169, 164, 152, 151, 150, 168, 168, 161, 152, 151, 152, 150, 216, 170, 200, 197, 204, 183, 163, 152, 153, 150, 168, 188, 169, 153, 151, 156, 204, 175, 165, 154, 152, 164, 152, 227, 177, 163, 152, 151, 190, 166, 151, 151, 150, 159, 180, 168, 153, 151, 150, 150, 168, 176, 159, 151, 150, 150, 167, 213, 172, 164, 156, 167, 186, 156, 152, 156, 152, 170, 184, 164, 152, 192, 166, 160, 158, 154, 156, 165, 161, 170, 199, 253, 191, 217, 204, 179, 156, 194, 169, 171, 170, 162, 152, 151, 150, 169, 169, 162, 151, 159, 155, 171, 184, 173, 188, 168, 196, 309, 230, 168, 247, 261, 242, 176, 182, 282, 216, 319, 185, 177, 160, 173, 209, 178, 197, 200, 194, 167, 153, 185, 214, 181, 153, 154, 159, 180, 158, 158, 150, 157, 151, 172, 186, 177, 237, 183, 246, 284, 220, 209, 250, 256, 192, 177, 154, 185, 162, 157, 152, 154, 155, 209, 198, 170, 387, 199, 173, 155, 153, 155, 172, 200, 166, 157, 153, 154, 168, 234, 170, 156, 151, 77, 75, 169, 106, 86, 76, 73, 76, 76, 76, 106, 94, 81, 83, 76, 76, 75, 75, 75, 76, 75, 75, 75, 75, 76, 111, 87, 78, 76, 76, 75, 75, 75, 75, 75, 75, 76, 110, 87, 77, 76, 77, 75, 75, 75, 75, 75, 75, 75, 124, 95, 78, 76, 118, 119, 117, 124, 128, 145, 99, 79, 78, 97, 77, 77, 77, 78, 79, 88, 119, 97, 87, 83, 76, 77, 76, 76, 76, 77, 101, 138, 207, 112, 93, 88, 88, 85, 88, 194, 114, 91, 87, 76, 81, 76, 76, 75, 107, 108, 94, 80, 163, 131, 132, 131, 92, 112, 88, 78, 76, 76, 77, 76, 76, 75, 76, 75, 79, 103, 88, 81, 78, 76, 75, 75, 79, 75, 75, 78, 78, 76, 75, 79, 75, 78, 75, 77, 77, 75, 76, 100, 116, 171, 94, 80, 76, 76, 75, 75, 76, 76, 76, 81, 88, 82, 148, 141, 88, 162, 98, 79, 156, 97, 80, 82, 96, 102, 85, 79, 76, 76, 77, 77, 76, 75, 75, 76, 88, 87, 78, 76, 92, 76, 88, 83, 112, 95, 79, 77, 77, 80, 77, 77, 77, 76, 104, 79, 77, 76, 76, 76, 78, 76, 76, 76, 78, 80, 117, 139, 145, 89, 84, 137, 149, 147, 184, 121, 153, 104, 81, 108, 77, 100, 124, 180, 148, 127, 135, 105, 86, 126, 99, 83, 78, 95, 84, 79, 77, 79, 77, 78, 94, 92, 88, 80, 76, 78, 81, 75, 77, 78, 79, 78, 115, 88, 80, 79, 76, 79, 79, 79, 77, 78, 81, 79, 76, 78, 79, 264, 108, 94, 79, 179, 156, 136, 136, 136, 133, 130, 149, 125, 117, 106, 106, 102, 104, 106, 107, 86, 87, 78, 77, 76, 78, 78, 125, 102, 129, 89, 78, 77, 77, 77, 76, 103, 102, 86, 78, 95, 99, 169, 151, 157, 123, 120, 120, 133, 108, 100, 79, 76, 77, 76, 76, 76, 77, 78, 75, 89, 83, 77, 77, 76, 76, 76, 76, 76, 76, 75, 76, 93, 144, 86, 77, 77, 77, 106, 94, 79, 76, 76, 94, 89, 84, 77, 76, 76, 76, 75, 75, 76, 75, 76, 93, 83, 108, 90, 79, 76, 78, 76, 143, 83, 87, 83, 77, 76, 76, 76, 76, 75, 82, 75, 75, 76, 75, 94, 91, 85, 79, 78, 78, 78, 77, 320, 121, 88, 81, 78, 77, 77, 77, 77, 78, 78, 77, 79, 80, 77, 78, 77, 77, 76, 75, 76, 76, 75, 75, 76, 82, 139, 135, 132, 154, 133, 121, 87, 124, 84, 76, 76, 75, 75, 76, 186, 109, 103, 83, 75, 76, 76, 75, 76, 75, 76, 77, 122, 100, 97, 79, 76, 76, 75, 75, 76, 75, 76, 76, 75, 76, 94, 83, 76, 75, 76, 75, 76, 75, 75, 75, 76, 75, 94, 94, 87, 78, 75, 98, 89, 78, 76, 84, 123, 100, 83, 77, 92, 82, 77, 75, 75, 72, 76, 76, 78, 113, 80, 77, 76, 75, 76, 76, 75, 78, 77, 76, 76, 131, 95, 79, 78, 85, 79, 78, 78, 79, 79, 80, 123, 91, 85, 82, 78, 153, 78, 76, 81, 155, 125, 96, 109, 110, 122, 122, 125, 98, 182, 153, 142, 105, 98, 88, 93, 77, 109, 140, 87, 78, 79, 77, 79, 77, 87, 76, 76, 80, 79, 83, 77, 78, 78, 78, 79, 87, 80, 77, 76, 167, 104, 130, 92, 112, 89, 84, 82, 85, 128, 188, 98, 115, 81, 88, 77, 81, 78, 96, 128, 95, 81, 78, 77, 78, 78, 78, 78, 80, 129, 126, 129, 106, 105, 89, 81, 79, 78, 78, 96, 121, 106, 88, 81, 78, 78, 102, 104, 90, 106, 99, 88, 80, 79, 83, 78, 79, 80, 91, 80, 101, 93, 98, 78, 82, 79, 96, 85, 83, 81, 81, 96, 91, 80, 82, 82, 89, 99, 102, 96, 98, 79, 130, 97, 261, 100, 85, 76, 76, 75, 75, 116, 119, 119, 119, 119, 119, 119, 119, 121, 96, 108, 85, 76, 77, 75, 76, 75, 75, 76, 131, 92, 79,